latitude=56.116766
longitude=47.262782
OPENWEATHER_API=e56a70cde3076ff12e1c9c321c215a78